0011111100
0111111110
0110000111
1100000011
1010000011
1100000011
1100000011
0110000110
0111111110
0011111100

DETECTED SYMBOL ==>> 0

*****************
0011111100
1111111110
1100000100
0000001011
0001110011
0111001110
1111000000
1100000000
1111111010
1111111111

DETECTED SYMBOL ==>> 2

*****************
0011110000
0011110000
0000110000
0000110000
0000101000
0000110000
0000110000
0000101000
0000110000
0011100100

DETECTED SYMBOL ==>> 1

*****************
0000110000
0001110000
0010010000
0000110000
0100010000
0000100100
0000110000
0000010000
0000110000
0001001000

DETECTED SYMBOL ==>> 1

*****************
