*************************   0   ***************************
1 1111111111 1111111111 1100000011 1100000011 1100000011 1100000011 1100000011 1100000011 1111111111 1111111111
2 0111111110 1111111111 1100000011 1100000011 1100000011 1100000011 1100000011 1100000011 1111111111 0111111110
3 0111111110 0111111110 1100000011 1100000011 1100000011 1100000011 1100000011 1100000011 0111111110 0111111110
4 0011111100 0111111110 0100000010 1100000011 1100000011 1100000011 1100000011 0100000010 0111111110 0011111100
5 0011111100 0111111110 0110000110 1100000011 1100000011 1100000011 1100000011 0110000110 0111111110 0011111100
6 0011111100 0111001110 0110000110 1100000011 1100000011 1100000011 1100000011 0110000110 0111001110 0011111100
7 0011111100 0111001110 0110000110 0100000010 1100000011 1100000011 0100000010 0110000110 0111001110 0011111100
8 0011111100 0111001110 0110000110 0110000110 1100000011 1100000011 0110000110 0110000110 0111001110 0011111100
9 0001111000 0011001100 0110000110 0110000110 1100000011 1100000011 0110000110 0110000110 0011001100 0001111000
0 0001111000 0011001100 0110000110 0100000010 1100000011 1100000011 0100000010 0110000110 0011001100 0001111000

*************************   1   ***************************
1 0000110000 0000110000 0000110000 0000110000 0000110000 0000110000 0000110000 0000110000 0000110000 0000110000
2 0000111000 0001111000 0011111000 0111111000 0000111000 0000111000 0000111000 0000111000 0000111000 0000111000
3 0000010000 0000110000 0001110000 0011110000 0000110000 0000110000 0000110000 0000110000 0000110000 0011111100
4 0000010000 0000110000 0001110000 0011110000 0000110000 0000110000 0000110000 0000110000 0000110000 0000110000
5 0011110000 0011110000 0000110000 0000110000 0000110000 0000110000 0000110000 0000110000 0000110000 0011111100
6 0011110000 0011110000 0000110000 0000110000 0000110000 0000110000 0000110000 0000110000 0000110000 0000110000
7 0000110000 0001110000 0011110000 0000110000 0000110000 0000110000 0000110000 0000110000 0000110000 0000110000
8 0000110000 0001110000 0011110000 0000110000 0000110000 0000110000 0000110000 0000110000 0000110000 0001111000
9 0000010000 0000110000 0001110000 0000110000 0000110000 0000110000 0000110000 0000110000 0000110000 0001111000
0 0000010000 0000110000 0001110000 0000110000 0000110000 0000110000 0000110000 0000110000 0000110000 0000110000

*************************   2   ***************************
1 1111111111 1111111111 0000000011 0000000011 1111111111 1111111111 1100000000 1100000000 1111111111 1111111111
2 1111111110 1111111111 0000000011 0000000011 0111111111 1111111111 1100000000 1100000000 1111111111 1111111111
3 1111111100 1111111110 0000000111 0000000011 0111111111 1111111110 1100000000 1100000000 1111111111 1111111111
4 1111111100 1111111110 0000000111 0000000011 0011111111 0111111110 1110000000 1100000000 1111111111 1111111111
5 0011111100 1111111110 1100000111 0000000011 0001111111 0111111110 1111000000 1100000000 1111111111 1111111111
6 0011111000 1111111110 1100000111 0000000011 0001111110 0011111100 0111000000 1110000000 1111111111 1111111111
7 0011111100 1111111110 1100000111 0000000011 0000011110 0011111100 0111100000 1110000000 1111111111 1111111111
8 0011111100 0111111110 0110000111 0000000011 0000011110 0011111100 0111100000 1110000000 1111111110 1111111111
9 0011111100 0111111110 0110000111 0000000011 0000011110 0001111100 0011110000 0111000000 1111111110 1111111111
0 0011111000 0111111100 0110000110 0000000110 0000011110 0001111100 0011111000 0111000000 1111111110 1111111111

*************************   3   ***************************
1 1111111111 1111111111 0000000011 0000000011 1111111111 1111111111 0000000011 0000000011 1111111111 1111111111
2 1111111110 1111111111 0000000011 0000000011 1111111111 1111111111 0000000011 0000000011 1111111111 1111111110
3 1111111100 1111111110 0000000111 0000000011 1111111111 1111111111 0000000011 0000000111 1111111110 1111111100
4 0111111110 1111111110 0000000011 0000000011 0111111111 0111111111 0000000011 0000000011 1111111110 0111111110
5 0111111110 1111111110 0000000011 0000000011 0011111111 0011111111 0000000011 0000000011 1111111110 0111111110
6 0111111110 1111111110 1000000011 0000000011 0001111111 0001111111 0000000011 1000000011 1111111110 0111111110
7 0111111100 1111111110 1000000011 0000000011 0001111111 0001111111 0000000011 1000000011 1111111110 0111111100
8 0011111100 0111111110 1100000011 0000000011 0001111111 0001111111 0000000011 1100000011 0111111110 0011111100
9 0011111100 0111111110 0100000011 0000000011 0000011111 0000011111 0000000011 0100000011 0111111110 0011111100
0 1111111110 1111111111 0000000011 0000000011 0000111111 0000111111 0000000011 0000000011 1111111111 1111111110

*************************   4   ***************************
1 1100000011 1100000011 1100000011 1100000011 1111111111 1111111111 0000000011 0000000011 0000000011 0000000011
2 0000110011 0001100011 0011000011 0110000011 1100000011 1111111111 0111111111 0000000011 0000000011 0000000011
3 0000110110 0001100110 0011000110 0110000110 1100000110 1111111111 0111111111 0000000110 0000000110 0000000110
4 0000111110 0001100110 0011000110 0110000110 1100000110 1111111111 0111111111 0000000110 0000000110 0000000110
5 0000111100 0001101100 0011001100 0110001100 1100001100 1111111111 0111111111 0000001100 0000001100 0000001100
6 0000011100 0000111100 0001101100 0011001100 0110001100 1100001100 1111111111 0111111111 0000001100 0000001100
7 0000010000 0000110000 0001100000 0011000000 0110001100 1100001100 1111111111 0111111111 0000001100 0000001100
8 0000001000 0000011000 0000110000 0001100000 0011000110 0110000110 1111111111 0111111111 0000000110 0000000110
9 0000001000 0000011000 0000110000 0001100110 0011000110 0110000110 1111111111 1111111111 0000000110 0000000110
0 0000001110 0000011110 0000110110 0001100110 0011000110 0110000110 1111111111 1111111111 0000000110 0000000110

*************************   5   ***************************
1 1111111111 1111111111 1100000000 1100000000 1111111111 1111111111 0000000011 0000000011 1111111111 1111111111
2 1111111111 1111111111 1100000000 1100000000 1111111110 0111111111 0000000011 0000000011 1111111111 1111111110
3 1111111110 1111111110 1100000000 1100000000 1111111110 0111111110 0000000011 0000000011 1111111110 1111111110
4 1111111110 1111111110 1100000000 1100000000 1111111110 0111111110 0000000011 0000000011 0111111110 0111111110
5 1111111110 1111111110 1100000000 1100000000 1111111110 1111111111 0000000011 0000000011 0111111110 0111111100
6 1111111110 1111111110 1100000000 1100000000 1111111110 1111111111 0000000011 0000000011 0111111111 0111111110
7 1111111110 1111111110 1100000000 1100000000 1111111110 0111111111 0000000011 0000000111 0111111110 0111111100
8 1111111110 1111111110 1100000000 1100000000 1111111100 0111111110 0000000111 0000000111 0111111110 0111111100
9 0111111110 1111111110 1100000000 1100000000 1111111110 1111111111 0000000011 0000000011 0111111111 0111111100
0 0111111110 1111111110 1100000000 1100000000 1111111110 0111111111 0000000011 0000000110 0111111110 0111111100

*************************   6   ***************************
1 1111111111 1111111111 1100000000 1100000000 1111111111 1111111111 1100000011 1100000011 1111111111 1111111111
2 0111111111 1111111111 1100000000 1100000000 1111111110 1111111111 1100000011 1100000011 1111111111 0111111110
3 0111111110 1111111110 1100000000 1100000000 1111111110 1111111111 1100000011 1100000011 1111111111 0111111110
4 0011111110 0111111110 1110000000 1100000000 1101111110 1111111111 1111000111 1110000011 0111111111 0011111110
5 0011111110 0111111110 1110000000 1100000000 1101111100 1111111110 1111000111 1110000011 0111111110 0011111100
6 0011111100 0111111000 1110000000 1100000000 1101111100 1111111110 1111000111 1110000011 0111111110 0011111100
7 0011111100 0111111000 0110000000 1110000000 1100111100 1101111110 1111000011 1110000111 0111111110 0011111000
8 1111111110 1111111110 1100000000 1100000000 1111111111 1111111111 1100000011 1100000011 1111111111 1111111111
9 0111111110 1111111110 1100000000 1100000000 1111111110 1111111110 1100000011 1100000011 1111111110 0111111110
0 0111111111 1111111111 1100000000 1100000000 1111111110 1111111110 1100000011 1100000011 1111111110 1111111110

*************************   7   ***************************
1 1111111111 1111111111 0000000011 0000000011 0000000011 0000000011 0000000011 0000000011 0000000011 0000000011
2 1111111111 1111111111 0000000011 0000000011 0011111111 0011111111 0000000011 0000000011 0000000011 0000000011
3 1111111110 1111111110 0000000110 0000000110 0011111111 0011111111 0000000110 0000000110 0000000110 0000000110
4 1111111100 1111111100 0000001100 0000001100 0011111111 0011111111 0000001100 0000001100 0000001100 0000001100
5 1111111111 1111111111 0000000111 0000000111 0011111111 0011111110 0000011100 0000111000 0001110000 0011100000
6 1111111111 1111111111 0000000011 0000000011 0000000111 0000001110 0000011100 0000111000 0001110000 0011100000
7 1111111111 1111111111 0000000011 0000000111 0000001110 0000011100 0000111000 0001110000 0011100000 0111000000
8 1111111111 1111111111 0000000111 0000001111 0000011110 0111111111 0111111111 0001110000 0011100000 0111000000
9 1111111111 1111111111 0000000111 0000001110 0000011100 0111111110 0111111110 0001110000 0001110000 0001110000
0 1111111111 1111111111 0000001110 0000011100 0000111000 0111111110 0111111110 0001110000 0001110000 0001110000

*************************   8   ***************************
1 1111111111 1111111111 1100000011 1100000011 1111111111 1111111111 1100000011 1100000011 1111111111 1111111111
2 0111111110 1111111111 1100000011 1100000011 1111111111 1111111111 1100000011 1100000011 1111111111 0111111110
3 0111111110 0111111110 1100000011 1100000011 1111111111 1111111111 1100000011 1100000011 0111111110 0111111110
4 0111111110 0111111110 1100000011 1100000011 0111111110 0111111110 1100000011 1100000011 0111111110 0111111110
5 0111111110 1111001111 1100000011 1110000111 0111111110 0111111110 1110000111 1100000011 1111001111 0111111110
6 0011111100 0111001110 0100000010 0110000110 0111111110 0111111110 1110000111 1100000011 1111001111 0111111110
7 0011111100 0111001110 0100000010 0110000110 0111111110 0111111110 1110000111 1100000011 0111001110 0011111100
8 0011111100 0111001110 0100000010 0110000110 0111111110 1111001111 1100000011 1100000011 0111001110 0011111100
9 0011111100 0110000110 0100000010 0110000110 0111111110 1110000111 1100000011 1100000011 0110000110 0011111100
0 0111111110 0110000110 0100000010 0110000110 1111111111 1110000111 1100000011 1100000011 0110000110 0011111100

*************************   9   ***************************
1 1111111111 1111111111 1100000011 1100000011 1111111111 1111111111 0000000011 0000000011 0000000011 0000000011
2 1111111111 1111111111 1100000011 1100000011 1111111111 1111111111 0000000011 0000000011 1111111111 1111111111
3 0111111110 1111111111 1100000011 1100000011 1111111111 0111111111 0000000011 0000000011 0111111111 0111111110
4 0111111110 1111111111 1100000011 1100000011 1111111111 0111111111 0000000011 0000000011 0000000011 0000000011
5 0111111110 1111111111 1100000011 1100000011 1111111111 0111111111 0000000110 0000000110 0111111110 0111111110
6 0011111100 0111111110 1100000011 1100000011 0111111111 0111111110 0000000110 0000000110 0111111110 0111111110
7 0011111100 0111111110 1100000011 1100000011 0111111111 0011111110 0000000110 0100000110 0111111110 0011111100
8 0011111100 0111001110 1100000011 1110000111 0111001110 0011111110 0000000110 0110000110 0111111110 0011111100
9 0011111100 1111111110 1100000111 1100000011 1111111111 0011111111 0000000011 0000000011 0011111111 0011111110
0 0011111100 0111111110 1100000111 1100000011 0111111111 0011111111 0000000011 0000000111 0011111110 0011111100
