********** Input No: 1 **********
97.000000	51.000000	66.000000	
96.415001	50.184998	65.260002	
95.837776	49.376621	64.527000	
95.268265	48.574799	63.800930	
94.706383	47.779453	63.081715	
94.152077	46.990513	62.369286	
93.605278	46.207905	61.663574	
93.065918	45.431561	60.964508	
92.533936	44.661411	60.272022	
92.009270	43.897381	59.586044	
91.491852	43.139404	58.906509	
90.981621	42.387413	58.233353	
90.478516	41.641338	57.566509	
89.982475	40.901112	56.905910	
89.493439	40.166668	56.251492	
89.011345	39.437943	55.603191	
88.536140	38.714870	54.960945	
88.067764	37.997387	54.324692	
87.606155	37.285427	53.694366	
87.151260	36.578926	53.069908	
86.703018	35.877819	52.451256	
86.261375	35.182049	51.838352	
85.826271	34.491547	51.231136	
85.397659	33.806259	50.629547	
84.975479	33.126125	50.033527	
84.559677	32.451080	49.443020	
84.150208	31.781067	48.857967	
83.747009	31.116026	48.278313	
83.350037	30.455898	47.703999	
82.959236	29.800629	47.134968	
82.574562	29.150158	46.571167	
82.195953	28.504429	46.012543	
81.823364	27.863386	45.459042	
81.456749	27.226974	44.910606	
81.096062	26.595139	44.367188	
80.741257	25.967823	43.828732	
80.392273	25.344975	43.295185	
80.049072	24.726536	42.766499	
79.711609	24.112457	42.242622	
79.379837	23.502687	41.723503	
79.053703	22.897171	41.209091	
78.733170	22.295856	40.699337	
78.418190	21.698694	40.194191	
78.108727	21.105631	39.693607	
77.804726	20.516621	39.197536	
77.506157	19.931610	38.705929	
77.212975	19.350550	38.218739	
76.925125	18.773392	37.735920	
76.642578	18.200087	37.257427	
76.365288	17.630587	36.783215	
76.093224	17.064844	36.313236	
75.826332	16.502811	35.847446	
75.564583	15.944443	35.385799	
75.307938	15.389691	34.928253	
75.056343	14.838511	34.474766	
74.809776	14.290855	34.025291	
74.568192	13.746679	33.579788	
74.331558	13.205939	33.138214	
74.099838	12.668591	32.700527	
73.872993	12.134588	32.266685	
73.650986	11.603890	31.836647	
73.433784	11.076452	31.410372	
73.221352	10.552232	30.987820	
73.013649	10.031186	30.568953	
72.810646	9.513273	30.153728	
72.612305	8.998452	29.742109	
72.418602	8.486680	29.334055	
72.229500	7.977917	28.929529	
72.044968	7.472122	28.528492	
71.864967	6.969254	28.130907	
71.689468	6.469275	27.736736	
71.518433	5.972144	27.345943	
71.351845	5.477822	26.958490	
71.189659	4.986270	26.574343	
71.031853	4.497450	26.193462	
70.878403	4.011324	25.815815	
70.729263	3.527853	25.441366	
70.584419	3.047000	25.070080	
70.443832	2.568727	24.701923	
70.307480	2.092998	24.336861	
70.175331	1.619777	23.974857	
70.047356	1.149026	23.615881	
69.923531	0.680709	23.259899	
69.803825	0.214792	22.906878	
69.688217	0.000000	22.556784	
69.575432	0.000000	22.208344	
69.464394	0.000000	21.860466	
69.355095	0.000000	21.513144	
69.247528	0.000000	21.166368	
69.141693	0.000000	20.820131	
69.037590	0.000000	20.474422	
68.935219	0.000000	20.129234	
68.834572	0.000000	19.784557	
68.735649	0.000000	19.440384	
68.638451	0.000000	19.096706	
68.542969	0.000000	18.753513	
68.449203	0.000000	18.410799	
68.357147	0.000000	18.068554	
68.266808	0.000000	17.726768	
68.178177	0.000000	17.385435	
68.091248	0.000000	17.044544	
68.006027	0.000000	16.704088	
67.922508	0.000000	16.364058	
67.840691	0.000000	16.024445	
67.760567	0.000000	15.685241	
67.682144	0.000000	15.346437	
67.605415	0.000000	15.008027	
67.530373	0.000000	14.670000	
67.457024	0.000000	14.332348	
67.385361	0.000000	13.995063	
67.315384	0.000000	13.658136	
67.247093	0.000000	13.321560	
67.180489	0.000000	12.985325	
67.115562	0.000000	12.649423	
67.052315	0.000000	12.313845	
66.990746	0.000000	11.978583	
66.930855	0.000000	11.643630	
66.872635	0.000000	11.308976	
66.816093	0.000000	10.974613	
66.761223	0.000000	10.640532	
66.708023	0.000000	10.306726	
66.656487	0.000000	9.973186	
66.606621	0.000000	9.639904	
66.558418	0.000000	9.306871	
66.511887	0.000000	8.974079	
66.467018	0.000000	8.641520	
66.423813	0.000000	8.309184	
66.382263	0.000000	7.977065	
66.342377	0.000000	7.645154	
66.304153	0.000000	7.313442	
66.267586	0.000000	6.981922	
66.232674	0.000000	6.650584	
66.199417	0.000000	6.319420	
66.167824	0.000000	5.988423	
66.137878	0.000000	5.657584	
66.109589	0.000000	5.326895	
66.082954	0.000000	4.996347	
66.057976	0.000000	4.665932	
66.034645	0.000000	4.335642	
66.012970	0.000000	4.005469	
65.992943	0.000000	3.675405	
65.974564	0.000000	3.345440	
65.957840	0.000000	3.015567	
65.942764	0.000000	2.685778	
65.929337	0.000000	2.356064	
65.917557	0.000000	2.026417	
65.907425	0.000000	1.696830	
65.898941	0.000000	1.367293	
65.892105	0.000000	1.037798	
65.886917	0.000000	0.708337	
65.883377	0.000000	0.378903	
65.881485	0.000000	0.049486	
65.881241	0.000000	0.000000	


********** Input No: 2 **********
68.000000	52.000000	91.000000	
67.284996	51.204998	90.400002	
66.576965	50.416573	89.807549	
65.875847	49.634647	89.222580	
65.181557	48.859154	88.645027	
64.494041	48.090019	88.074821	
63.813221	47.327175	87.511902	
63.139023	46.570549	86.956200	
62.471390	45.820072	86.407654	
61.810253	45.075676	85.866196	
61.155540	44.337292	85.331764	
60.507195	43.604855	84.804298	
59.865147	42.878296	84.283737	
59.229340	42.157555	83.770020	
58.599701	41.442558	83.263084	
57.976170	40.733242	82.762871	
57.358688	40.029545	82.269325	
56.747192	39.331406	81.782387	
56.141624	38.638756	81.301994	
55.541920	37.951538	80.828094	
54.948021	37.269688	80.360626	
54.359871	36.593147	79.899536	
53.777409	35.921848	79.444771	
53.200577	35.255737	78.996277	
52.629318	34.594753	78.553993	
52.063576	33.938839	78.117874	
51.503292	33.287930	77.687859	
50.948414	32.641975	77.263901	
50.398888	32.000916	76.845947	
49.854652	31.364691	76.433945	
49.315662	30.733248	76.027847	
48.781857	30.106531	75.627602	
48.253185	29.484484	75.233162	
47.729595	28.867052	74.844475	
47.211037	28.254183	74.461494	
46.697460	27.645821	74.084167	
46.188808	27.041912	73.712448	
45.685040	26.442406	73.346298	
45.186096	25.847248	72.985664	
44.691929	25.256388	72.630501	
44.202496	24.669777	72.280762	
43.717743	24.087360	71.936401	
43.237625	23.509090	71.597374	
42.762093	22.934916	71.263641	
42.291100	22.364788	70.935158	
41.824600	21.798656	70.611877	
41.362549	21.236473	70.293762	
40.904900	20.678192	69.980766	
40.451607	20.123764	69.672852	
40.002621	19.573143	69.369972	
39.557903	19.026281	69.072090	
39.117413	18.483131	68.779167	
38.681103	17.943649	68.491165	
38.248928	17.407789	68.208038	
37.820847	16.875505	67.929756	
37.396820	16.346752	67.656273	
36.976807	15.821486	67.387558	
36.560760	15.299664	67.123566	
36.148643	14.781241	66.864265	
35.740417	14.266177	66.609619	
35.336037	13.754427	66.359589	
34.935467	13.245949	66.114136	
34.538666	12.740702	65.873230	
34.145599	12.238643	65.636833	
33.756222	11.739731	65.404915	
33.370499	11.243925	65.177437	
32.988392	10.751185	64.954361	
32.609863	10.261472	64.735664	
32.234879	9.774744	64.521309	
31.863398	9.290963	64.311264	
31.495386	8.810090	64.105492	
31.130808	8.332086	63.903965	
30.769629	7.856912	63.706650	
30.411812	7.384530	63.513515	
30.057322	6.914904	63.324535	
29.706125	6.447994	63.139675	
29.358187	5.983766	62.958904	
29.013474	5.522180	62.782196	
28.671951	5.063202	62.609516	
28.333588	4.606795	62.440842	
27.998350	4.152923	62.276138	
27.666204	3.701550	62.115383	
27.337120	3.252642	61.958546	
27.011063	2.806164	61.805595	
26.688004	2.362081	61.656509	
26.367910	1.920358	61.511257	
26.050753	1.480963	61.369816	
25.736500	1.043860	61.232159	
25.425121	0.609016	61.098255	
25.116587	0.176399	60.968086	
24.810865	0.000000	60.841621	
24.506657	0.000000	60.717567	
24.203070	0.000000	60.595036	
23.900095	0.000000	60.474022	
23.597725	0.000000	60.354523	
23.295952	0.000000	60.236534	
22.994770	0.000000	60.120056	
22.694170	0.000000	60.005081	
22.394144	0.000000	59.891609	
22.094687	0.000000	59.779640	
21.795788	0.000000	59.669167	
21.497442	0.000000	59.560188	
21.199642	0.000000	59.452702	
20.902378	0.000000	59.346703	
20.605644	0.000000	59.242191	
20.309433	0.000000	59.139164	
20.013737	0.000000	59.037617	
19.718548	0.000000	58.937550	
19.423861	0.000000	58.838959	
19.129665	0.000000	58.741840	
18.835957	0.000000	58.646191	
18.542727	0.000000	58.552010	
18.249966	0.000000	58.459297	
17.957668	0.000000	58.368046	
17.665829	0.000000	58.278259	
17.374437	0.000000	58.189930	
17.083488	0.000000	58.103058	
16.792973	0.000000	58.017639	
16.502884	0.000000	57.933674	
16.213215	0.000000	57.851158	
15.923959	0.000000	57.770092	
15.635108	0.000000	57.690472	
15.346656	0.000000	57.612297	
15.058595	0.000000	57.535564	
14.770917	0.000000	57.460270	
14.483616	0.000000	57.386414	
14.196684	0.000000	57.313995	
13.910114	0.000000	57.243011	
13.623899	0.000000	57.173462	
13.338032	0.000000	57.105343	
13.052505	0.000000	57.038654	
12.767312	0.000000	56.973392	
12.482445	0.000000	56.909557	
12.197897	0.000000	56.847145	
11.913661	0.000000	56.786156	
11.629730	0.000000	56.726589	
11.346097	0.000000	56.668442	
11.062755	0.000000	56.611710	
10.779696	0.000000	56.556396	
10.496915	0.000000	56.502499	
10.214402	0.000000	56.450012	
9.932152	0.000000	56.398941	
9.650157	0.000000	56.349281	
9.368410	0.000000	56.301029	
9.086905	0.000000	56.254189	
8.805634	0.000000	56.208755	
8.524590	0.000000	56.164726	
8.243766	0.000000	56.122105	
7.963155	0.000000	56.080887	
7.682751	0.000000	56.041073	
7.402545	0.000000	56.002659	
7.122532	0.000000	55.965645	
6.842704	0.000000	55.930031	
6.563054	0.000000	55.895817	
6.283575	0.000000	55.863003	
6.004260	0.000000	55.831585	
5.725102	0.000000	55.801563	
5.446094	0.000000	55.772938	
5.167229	0.000000	55.745708	
4.888501	0.000000	55.719872	
4.609901	0.000000	55.695431	
4.331424	0.000000	55.672382	
4.053062	0.000000	55.650726	
3.774809	0.000000	55.630463	
3.496657	0.000000	55.611588	
3.218599	0.000000	55.594105	
2.940628	0.000000	55.578011	
2.662738	0.000000	55.563309	
2.384922	0.000000	55.549995	
2.107172	0.000000	55.538071	
1.829481	0.000000	55.527534	
1.551844	0.000000	55.518387	
1.274252	0.000000	55.510628	
0.996699	0.000000	55.504257	
0.719177	0.000000	55.499275	
0.441681	0.000000	55.495678	
0.164203	0.000000	55.493469	
0.000000	0.000000	55.492649	


********** Input No: 3 **********
50.000000	94.000000	47.000000	
49.294998	93.514999	46.279999	
48.596024	93.037125	45.565948	
47.903008	92.566315	44.857784	
47.215885	92.102509	44.155437	
46.534595	91.645653	43.458847	
45.859074	91.195686	42.767944	
45.189255	90.752556	42.082672	
44.525078	90.316200	41.402962	
43.866482	89.886559	40.728756	
43.213406	89.463585	40.059990	
42.565788	89.047218	39.396606	
41.923569	88.637405	38.738541	
41.286690	88.234093	38.085735	
40.655090	87.837227	37.438133	
40.028713	87.446762	36.795673	
39.407501	87.062645	36.158295	
38.791397	86.684814	35.525944	
38.180340	86.313232	34.898563	
37.574284	85.947838	34.276096	
36.973164	85.588585	33.658485	
36.376926	85.235428	33.045677	
35.785519	84.888313	32.437614	
35.198887	84.547203	31.834246	
34.616978	84.212036	31.235516	
34.039742	83.882767	30.641371	
33.467121	83.559364	30.051758	
32.899067	83.241768	29.466625	
32.335526	82.929939	28.885921	
31.776445	82.623833	28.309593	
31.221779	82.323402	27.737593	
30.671474	82.028603	27.169867	
30.125483	81.739395	26.606365	
29.583754	81.455734	26.047041	
29.046240	81.177582	25.491844	
28.512894	80.904892	24.940725	
27.983665	80.637627	24.393637	
27.458509	80.375740	23.850531	
26.937378	80.119194	23.311359	
26.420225	79.867950	22.776077	
25.907005	79.621964	22.244637	
25.397673	79.381210	21.716991	
24.892181	79.145638	21.193096	
24.390488	78.915215	20.672907	
23.892548	78.689896	20.156378	
23.398315	78.469650	19.643465	
22.907751	78.254440	19.134125	
22.420809	78.044228	18.628313	
21.937447	77.838982	18.125988	
21.457623	77.638664	17.627106	
20.981295	77.443245	17.131624	
20.508419	77.252686	16.639502	
20.038960	77.066948	16.150696	
19.572872	76.885994	15.665166	
19.110117	76.709808	15.182872	
18.650654	76.538345	14.703773	
18.194443	76.371574	14.227827	
17.741447	76.209465	13.754997	
17.291624	76.051987	13.285243	
16.844938	75.899101	12.818525	
16.401350	75.750786	12.354805	
15.960822	75.607002	11.894044	
15.523317	75.467728	11.436205	
15.088798	75.332932	10.981250	
14.657227	75.202576	10.529141	
14.228568	75.076645	10.079843	
13.802786	74.955101	9.633316	
13.379844	74.837921	9.189527	
12.959706	74.725075	8.748438	
12.542338	74.616539	8.310014	
12.127706	74.512276	7.874219	
11.715773	74.412270	7.441020	
11.306506	74.316483	7.010379	
10.899872	74.224899	6.582264	
10.495836	74.137489	6.156641	
10.094365	74.054222	5.733474	
9.695427	73.975090	5.312731	
9.298987	73.900047	4.894378	
8.905015	73.829079	4.478383	
8.513477	73.762161	4.064713	
8.124343	73.699272	3.653334	
7.737580	73.640388	3.244216	
7.353157	73.585480	2.837327	
6.971043	73.534531	2.432633	
6.591207	73.487511	2.030106	
6.213619	73.444405	1.629712	
5.838249	73.405190	1.231422	
5.465066	73.369843	0.835205	
5.094040	73.338341	0.441030	
4.725143	73.310669	0.048868	
4.358346	73.286797	0.000000	
3.991912	73.265007	0.000000	
3.625587	73.245049	0.000000	
3.259362	73.226921	0.000000	
2.893227	73.210625	0.000000	
2.527174	73.196159	0.000000	
2.161193	73.183525	0.000000	
1.795276	73.172722	0.000000	
1.429412	73.163742	0.000000	
1.063593	73.156593	0.000000	
0.697810	73.151276	0.000000	
0.332054	73.147789	0.000000	
0.000000	73.146126	0.000000	


********** Input No: 4 **********
50.000000	86.000000	41.000000	
49.364998	85.544998	40.320000	
48.735672	85.096573	39.645451	
48.111961	84.654671	38.976288	
47.493805	84.219231	38.312454	
46.881145	83.790199	37.653889	
46.273926	83.367523	37.000530	
45.672089	82.951149	36.352322	
45.075569	82.541023	35.709206	
44.484318	82.137100	35.071121	
43.898277	81.739326	34.438015	
43.317390	81.347649	33.809826	
42.741604	80.962013	33.186501	
42.170860	80.582375	32.567982	
41.605106	80.208679	31.954216	
41.044292	79.840881	31.345146	
40.488361	79.478935	30.740721	
39.937263	79.122795	30.140884	
39.390945	78.772408	29.545584	
38.849354	78.427727	28.954767	
38.312439	78.088707	28.368382	
37.780155	77.755302	27.786375	
37.252449	77.427467	27.208698	
36.729267	77.105164	26.635300	
36.210567	76.788338	26.066128	
35.696297	76.476952	25.501133	
35.186405	76.170967	24.940268	
34.680847	75.870331	24.383480	
34.179577	75.575012	23.830725	
33.682549	75.284958	23.281952	
33.189716	75.000137	22.737114	
32.701031	74.720505	22.196165	
32.216446	74.446022	21.659058	
31.735920	74.176651	21.125746	
31.259407	73.912346	20.596184	
30.786863	73.653069	20.070326	
30.318247	73.398788	19.548126	
29.853512	73.149460	19.029541	
29.392616	72.905045	18.514526	
28.935518	72.665504	18.003038	
28.482176	72.430817	17.495033	
28.032547	72.200928	16.990469	
27.586592	71.975815	16.489302	
27.144266	71.755440	15.991489	
26.705530	71.539764	15.496991	
26.270348	71.328751	15.005765	
25.838675	71.122368	14.517770	
25.410475	70.920586	14.032965	
24.985706	70.723366	13.551310	
24.564333	70.530678	13.072764	
24.146317	70.342499	12.597289	
23.731617	70.158775	12.124846	
23.320198	69.979492	11.655394	
22.912024	69.804619	11.188895	
22.507055	69.634109	10.725312	
22.105257	69.467949	10.264606	
21.706594	69.306099	9.806741	
21.311029	69.148529	9.351677	
20.918528	68.995216	8.899379	
20.529055	68.846130	8.449810	
20.142574	68.701233	8.002934	
19.759054	68.560501	7.558715	
19.378458	68.423912	7.117117	
19.000753	68.291435	6.678105	
18.625906	68.163040	6.241644	
18.253883	68.038696	5.807700	
17.884651	67.918388	5.376237	
17.518179	67.802086	4.947222	
17.154432	67.689758	4.520620	
16.793379	67.581383	4.096399	
16.434990	67.476929	3.674525	
16.079231	67.376381	3.254966	
15.726075	67.279709	2.837688	
15.375488	67.186890	2.422659	
15.027440	67.097900	2.009847	
14.681902	67.012718	1.599221	
14.338841	66.931313	1.190747	
13.998231	66.853668	0.784397	
13.660041	66.779755	0.380137	
13.324242	66.709557	0.000000	
12.990694	66.642937	0.000000	
12.657479	66.577980	0.000000	
12.324590	66.514694	0.000000	
11.992016	66.453072	0.000000	
11.659751	66.393112	0.000000	
11.327785	66.334816	0.000000	
10.996112	66.278175	0.000000	
10.664721	66.223198	0.000000	
10.333605	66.169876	0.000000	
10.002755	66.118210	0.000000	
9.672164	66.068199	0.000000	
9.341823	66.019836	0.000000	
9.011724	65.973129	0.000000	
8.681858	65.928070	0.000000	
8.352218	65.884659	0.000000	
8.022795	65.842896	0.000000	
7.693580	65.802780	0.000000	
7.364566	65.764313	0.000000	
7.035745	65.727493	0.000000	
6.707107	65.692314	0.000000	
6.378645	65.658775	0.000000	
6.050352	65.626884	0.000000	
5.722217	65.596634	0.000000	
5.394234	65.568024	0.000000	
5.066393	65.541054	0.000000	
4.738688	65.515724	0.000000	
4.411109	65.492027	0.000000	
4.083649	65.469971	0.000000	
3.756299	65.449554	0.000000	
3.429051	65.430771	0.000000	
3.101897	65.413628	0.000000	
2.774829	65.398117	0.000000	
2.447839	65.384239	0.000000	
2.120918	65.372002	0.000000	
1.794058	65.361397	0.000000	
1.467251	65.352425	0.000000	
1.140489	65.345085	0.000000	
0.813763	65.339386	0.000000	
0.487066	65.335320	0.000000	
0.160390	65.332886	0.000000	
0.000000	65.332085	0.000000	


